HMMER3/f [3.1b2 | February 2015]
NAME  abi4
LENG  18
MAXL  69
ALPH  DNA
RF    no
MM    no
CONS  yes
CS    no
MAP   yes
DATE  Tue Nov 14 12:19:59 2017
NSEQ  50
EFFN  50.000000
CKSUM 4289648102
STATS LOCAL MSV       -6.0465  0.76001
STATS LOCAL VITERBI   -6.4776  0.76001
STATS LOCAL FORWARD   -2.3213  0.76001
HMM          A        C        G        T   
            m->m     m->i     m->d     i->m     i->i     d->m     d->d
  COMPO   1.56573  1.00277  1.11179  2.35145
          1.38629  1.38629  1.38629  1.38629
          0.00384  6.25767  6.25767  1.46634  0.26236  0.00000        *
      1   6.14337  7.13284  0.00396  6.89815      1 G - - -
          1.38629  1.38629  1.38629  1.38629
          0.00384  6.25767  6.25767  1.46634  0.26236  1.09861  0.40547
      2   6.14337  7.13284  0.00396  6.89815      2 G - - -
          1.38629  1.38629  1.38629  1.38629
          0.00384  6.25767  6.25767  1.46634  0.26236  1.09861  0.40547
      3   0.00348  7.19381  6.31901  6.98622      3 A - - -
          1.38629  1.38629  1.38629  1.38629
          0.00384  6.25767  6.25767  1.46634  0.26236  1.09861  0.40547
      4   6.05960  0.00796  6.20597  5.63437      4 C - - -
          1.38629  1.38629  1.38629  1.38629
          0.00384  6.25767  6.25767  1.46634  0.26236  1.09861  0.40547
      5   1.67184  1.72517  0.54683  2.89721      5 g - - -
          1.38629  1.38629  1.38629  1.38629
          0.00384  6.25767  6.25767  1.46634  0.26236  1.09861  0.40547
      6   2.00631  1.46645  0.47209  4.50320      6 g - - -
          1.38629  1.38629  1.38629  1.38629
          0.00384  6.25767  6.25767  1.46634  0.26236  1.09861  0.40547
      7   2.61857  1.05393  2.31221  0.73504      7 t - - -
          1.38629  1.38629  1.38629  1.38629
          0.00384  6.25767  6.25767  1.46634  0.26236  1.09861  0.40547
      8   5.69545  1.23406  0.35413  5.58600      8 g - - -
          1.38629  1.38629  1.38629  1.38629
          0.00384  6.25767  6.25767  1.46634  0.26236  1.09861  0.40547
      9   5.99584  0.26304  1.49293  5.50006      9 c - - -
          1.38629  1.38629  1.38629  1.38629
          0.00384  6.25767  6.25767  1.46634  0.26236  1.09861  0.40547
     10   2.37932  0.78518  1.33602  1.66888     10 c - - -
          1.38629  1.38629  1.38629  1.38629
          0.00384  6.25767  6.25767  1.46634  0.26236  1.09861  0.40547
     11   2.51458  0.70262  1.50235  1.60340     11 c - - -
          1.38629  1.38629  1.38629  1.38629
          0.00384  6.25767  6.25767  1.46634  0.26236  1.09861  0.40547
     12   3.03544  0.44836  1.98976  1.73418     12 c - - -
          1.38629  1.38629  1.38629  1.38629
          0.00384  6.25767  6.25767  1.46634  0.26236  1.09861  0.40547
     13   2.69512  0.42755  2.55604  1.59578     13 c - - -
          1.38629  1.38629  1.38629  1.38629
          0.00384  6.25767  6.25767  1.46634  0.26236  1.09861  0.40547
     14   2.75112  0.55129  5.32091  1.03550     14 c - - -
          1.38629  1.38629  1.38629  1.38629
          0.00384  6.25767  6.25767  1.46634  0.26236  1.09861  0.40547
     15   6.14337  7.13284  0.00396  6.89815     15 G - - -
          1.38629  1.38629  1.38629  1.38629
          0.00384  6.25767  6.25767  1.46634  0.26236  1.09861  0.40547
     16   0.00348  7.19381  6.31901  6.98622     16 A - - -
          1.38629  1.38629  1.38629  1.38629
          0.00384  6.25767  6.25767  1.46634  0.26236  1.09861  0.40547
     17   0.00348  7.19381  6.31901  6.98622     17 A - - -
          1.38629  1.38629  1.38629  1.38629
          0.00384  6.25767  6.25767  1.46634  0.26236  1.09861  0.40547
     18   6.05960  0.00796  6.20597  5.63437     18 C - - -
          1.38629  1.38629  1.38629  1.38629
          0.00192  6.25575        *  1.46634  0.26236  0.00000        *
//
